2220.0 3021.5 0.0 359.0 1.0 35.0 0.0 1140.0 -102.0 573.0 42.0 6017.0 
3021.5 3438.0 0.0 359.0 1.0 35.0 0.0 1140.0 -102.0 573.0 42.0 6017.0 
2220.0 3021.5 0.0 91.5 1.0 35.0 0.0 1140.0 -102.0 573.0 42.0 6017.0 
2220.0 3021.5 91.5 359.0 1.0 35.0 0.0 1140.0 -102.0 573.0 42.0 6017.0 
2220.0 3021.5 0.0 91.5 1.0 13.5 0.0 1140.0 -102.0 573.0 42.0 6017.0 
2220.0 3021.5 0.0 91.5 13.5 35.0 0.0 1140.0 -102.0 573.0 42.0 6017.0 
2220.0 3021.5 0.0 91.5 1.0 13.5 0.0 138.5 -102.0 573.0 42.0 6017.0 
2220.0 3021.5 0.0 91.5 1.0 13.5 138.5 1140.0 -102.0 573.0 42.0 6017.0 
2220.0 3021.5 0.0 91.5 1.0 13.5 0.0 138.5 -102.0 5.0 42.0 6017.0 
2220.0 3021.5 0.0 91.5 1.0 13.5 0.0 138.5 5.0 573.0 42.0 6017.0 
2220.0 3021.5 0.0 91.5 1.0 13.5 138.5 1140.0 -102.0 21.0 42.0 6017.0 
2220.0 3021.5 0.0 91.5 1.0 13.5 138.5 1140.0 21.0 573.0 42.0 6017.0 
2220.0 3021.5 0.0 91.5 13.5 35.0 0.0 154.5 -102.0 573.0 42.0 6017.0 
2220.0 3021.5 0.0 91.5 13.5 35.0 154.5 1140.0 -102.0 573.0 42.0 6017.0 
2220.0 3021.5 0.0 91.5 13.5 35.0 0.0 154.5 -102.0 12.0 42.0 6017.0 
2220.0 3021.5 0.0 91.5 13.5 35.0 0.0 154.5 12.0 573.0 42.0 6017.0 
2220.0 3021.5 0.0 91.5 13.5 35.0 154.5 1140.0 -102.0 73.0 42.0 6017.0 
2220.0 3021.5 0.0 91.5 13.5 35.0 154.5 1140.0 73.0 573.0 42.0 6017.0 
2220.0 3021.5 91.5 359.0 1.0 12.5 0.0 1140.0 -102.0 573.0 42.0 6017.0 
2220.0 3021.5 91.5 359.0 12.5 35.0 0.0 1140.0 -102.0 573.0 42.0 6017.0 
2220.0 3021.5 91.5 359.0 1.0 12.5 0.0 121.0 -102.0 573.0 42.0 6017.0 
2220.0 3021.5 91.5 359.0 1.0 12.5 121.0 1140.0 -102.0 573.0 42.0 6017.0 
2220.0 3021.5 91.5 359.0 1.0 12.5 0.0 121.0 -102.0 10.5 42.0 6017.0 
2220.0 3021.5 91.5 359.0 1.0 12.5 0.0 121.0 10.5 573.0 42.0 6017.0 
2220.0 3021.5 91.5 359.0 1.0 12.5 121.0 1140.0 -102.0 28.0 42.0 6017.0 
2220.0 3021.5 91.5 359.0 1.0 12.5 121.0 1140.0 28.0 573.0 42.0 6017.0 
2220.0 3021.5 91.5 359.0 12.5 35.0 0.0 116.0 -102.0 573.0 42.0 6017.0 
2220.0 3021.5 91.5 359.0 12.5 35.0 116.0 1140.0 -102.0 573.0 42.0 6017.0 
2220.0 3021.5 91.5 359.0 12.5 35.0 0.0 116.0 -102.0 14.5 42.0 6017.0 
2220.0 3021.5 91.5 359.0 12.5 35.0 0.0 116.0 14.5 573.0 42.0 6017.0 
2220.0 3021.5 91.5 359.0 12.5 35.0 0.0 116.0 -102.0 14.5 42.0 1683.0 
2220.0 3021.5 91.5 359.0 12.5 35.0 0.0 116.0 -102.0 14.5 1683.0 6017.0 
2220.0 3021.5 91.5 359.0 12.5 35.0 116.0 1140.0 -102.0 47.5 42.0 6017.0 
2220.0 3021.5 91.5 359.0 12.5 35.0 116.0 1140.0 47.5 573.0 42.0 6017.0 
3021.5 3438.0 0.0 130.5 1.0 35.0 0.0 1140.0 -102.0 573.0 42.0 6017.0 
3021.5 3438.0 130.5 359.0 1.0 35.0 0.0 1140.0 -102.0 573.0 42.0 6017.0 
3021.5 3438.0 0.0 130.5 1.0 11.0 0.0 1140.0 -102.0 573.0 42.0 6017.0 
3021.5 3438.0 0.0 130.5 11.0 35.0 0.0 1140.0 -102.0 573.0 42.0 6017.0 
3021.5 3438.0 0.0 130.5 1.0 11.0 0.0 248.0 -102.0 573.0 42.0 6017.0 
3021.5 3438.0 0.0 130.5 1.0 11.0 248.0 1140.0 -102.0 573.0 42.0 6017.0 
3021.5 3438.0 0.0 130.5 1.0 11.0 0.0 248.0 -102.0 7.5 42.0 6017.0 
3021.5 3438.0 0.0 130.5 1.0 11.0 0.0 248.0 7.5 573.0 42.0 6017.0 
3021.5 3438.0 0.0 130.5 1.0 11.0 248.0 1140.0 -102.0 48.0 42.0 6017.0 
3021.5 3438.0 0.0 130.5 1.0 11.0 248.0 1140.0 48.0 573.0 42.0 6017.0 
3021.5 3438.0 0.0 130.5 11.0 35.0 0.0 215.0 -102.0 573.0 42.0 6017.0 
3021.5 3438.0 0.0 130.5 11.0 35.0 215.0 1140.0 -102.0 573.0 42.0 6017.0 
3021.5 3438.0 0.0 130.5 11.0 35.0 0.0 215.0 -102.0 7.5 42.0 6017.0 
3021.5 3438.0 0.0 130.5 11.0 35.0 0.0 215.0 7.5 573.0 42.0 6017.0 
3021.5 3438.0 0.0 130.5 11.0 35.0 215.0 1140.0 -102.0 38.0 42.0 6017.0 
3021.5 3438.0 0.0 130.5 11.0 35.0 215.0 1140.0 38.0 573.0 42.0 6017.0 
3021.5 3438.0 130.5 359.0 1.0 13.5 0.0 1140.0 -102.0 573.0 42.0 6017.0 
3021.5 3438.0 130.5 359.0 13.5 35.0 0.0 1140.0 -102.0 573.0 42.0 6017.0 
3021.5 3438.0 130.5 359.0 1.0 13.5 0.0 267.5 -102.0 573.0 42.0 6017.0 
3021.5 3438.0 130.5 359.0 1.0 13.5 267.5 1140.0 -102.0 573.0 42.0 6017.0 
3021.5 3438.0 130.5 359.0 1.0 13.5 0.0 267.5 -102.0 7.5 42.0 6017.0 
3021.5 3438.0 130.5 359.0 1.0 13.5 0.0 267.5 7.5 573.0 42.0 6017.0 
3021.5 3438.0 130.5 359.0 13.5 35.0 0.0 261.5 -102.0 573.0 42.0 6017.0 
3021.5 3438.0 130.5 359.0 13.5 35.0 261.5 1140.0 -102.0 573.0 42.0 6017.0 
3021.5 3438.0 130.5 359.0 13.5 35.0 0.0 261.5 -102.0 36.0 42.0 6017.0 
3021.5 3438.0 130.5 359.0 13.5 35.0 0.0 261.5 36.0 573.0 42.0 6017.0 
3021.5 3438.0 130.5 359.0 13.5 35.0 261.5 1140.0 -102.0 88.5 42.0 6017.0 
3021.5 3438.0 130.5 359.0 13.5 35.0 261.5 1140.0 88.5 573.0 42.0 6017.0 
