3256.0 26.0 0 1
2969.0 206.0 0 1
2632.0 67.0 1 0
2970.0 48.0 2 0
3014.0 65.0 3 0
2978.0 357.0 0 1
2916.0 44.0 0 1
3244.0 139.0 0 1
2924.0 122.0 4 0
3041.0 70.0 3 0
3273.0 344.0 0 1
2770.0 26.0 0 1
2813.0 27.0 5 0
2921.0 225.0 6 0
2939.0 130.0 4 0
2268.0 181.0 0 1
2906.0 109.0 4 0
3082.0 112.0 7 0
2695.0 112.0 0 1
2961.0 67.0 2 0
2951.0 310.0 0 1
2811.0 18.0 5 0
2886.0 156.0 0 1
3038.0 17.0 8 0
3096.0 113.0 7 0
3340.0 9.0 9 0
2989.0 249.0 0 1
3005.0 140.0 0 1
2349.0 62.0 0 1
3460.0 225.0 0 1
2507.0 266.0 0 1
2874.0 350.0 10 0
3271.0 215.0 0 1
3091.0 116.0 7 0
3414.0 343.0 0 1
2949.0 233.0 0 1
3037.0 27.0 8 0
2847.0 160.0 11 0
3093.0 113.0 7 0
2535.0 355.0 0 1
2894.0 97.0 4 0
2609.0 150.0 0 1
2696.0 187.0 0 1
2725.0 262.0 0 1
2958.0 148.0 0 1
2919.0 166.0 0 1
3011.0 303.0 0 1
3191.0 225.0 12 0
2825.0 91.0 0 1
2874.0 87.0 4 0
3300.0 10.0 0 1
3277.0 113.0 0 1
2782.0 206.0 0 1
2988.0 184.0 13 0
2567.0 77.0 0 1
3341.0 16.0 9 0
2860.0 147.0 11 0
2883.0 340.0 10 0
2637.0 316.0 0 1
2941.0 101.0 14 0
3155.0 158.0 0 1
2637.0 74.0 1 0
3009.0 173.0 13 0
3227.0 18.0 15 0
3212.0 21.0 15 0
3042.0 187.0 0 1
2884.0 256.0 16 0
3032.0 55.0 3 0
2909.0 351.0 0 1
3077.0 98.0 7 0
2787.0 124.0 0 1
2945.0 38.0 0 1
3098.0 81.0 0 1
2991.0 94.0 17 0
3262.0 295.0 0 1
2443.0 4.0 0 1
3128.0 309.0 0 1
2954.0 96.0 14 0
2866.0 73.0 4 0
2636.0 353.0 0 1
3222.0 94.0 0 1
3229.0 26.0 15 0
3039.0 342.0 0 1
3292.0 156.0 0 1
3161.0 338.0 0 1
3185.0 220.0 12 0
3064.0 61.0 3 0
2514.0 43.0 0 1
1979.0 153.0 0 1
2987.0 84.0 17 0
3124.0 150.0 0 1
2465.0 313.0 0 1
3080.0 304.0 0 1
2459.0 67.0 0 1
2913.0 219.0 6 0
2895.0 243.0 16 0
3138.0 74.0 0 1
3097.0 39.0 0 1
2730.0 18.0 0 1
3185.0 266.0 0 1
