39.81205847478876
39.81205847478876
31.064449134018133
31.064449134018133
33.015148038438355
33.015148038438355
33.015148038438355
27.459060435491963
27.459060435491963
28.442925306655784
33.12099032335839
33.12099032335839
35.11409973215888
29.068883707497267
29.068883707497267
27.018512172212592
29.068883707497267
35.90264614203248
36.87817782917155
36.87817782917155
38.47076812334269
39.21734310225516
22.80350850198276
14.035668847618199
9.848857801796104
9.848857801796104
27.018512172212592
39.66106403010388
31.622776601683793
31.622776601683793
31.622776601683793
31.622776601683793
31.622776601683793
38.62641583165593
39.20459156782532
39.20459156782532
39.20459156782532
39.20459156782532
35.84689665786984
35.84689665786984
35.84689665786984
35.84689665786984
30.083217912982647
30.083217912982647
30.083217912982647
30.083217912982647
