2365.0 3298.0 0.0 315.0 2.0 38.0 0.0 690.0
2610.0 2624.0 63.0 67.0 4.0 13.0 210.0 216.0
2701.0 2707.0 61.0 85.0 14.0 17.0 108.0 108.0
3070.0 3084.0 150.0 155.0 11.0 18.0 258.0 277.0
3073.0 3079.0 27.0 53.0 7.0 14.0 0.0 4.9E-324
2365.0 2373.0 294.0 308.0 14.0 23.0 90.0 95.0
3104.0 3109.0 34.0 50.0 2.0 8.0 30.0 30.0
2606.0 2620.0 64.0 66.0 3.0 10.0 30.0 30.0
2926.0 2937.0 147.0 159.0 4.0 11.0 360.0 382.0
2684.0 2690.0 82.0 105.0 7.0 15.0 170.0 175.0
3112.0 3130.0 252.0 288.0 12.0 14.0 671.0 690.0
3291.0 3298.0 88.0 97.0 12.0 38.0 60.0 60.0
3135.0 3147.0 90.0 99.0 3.0 7.0 201.0 212.0
3067.0 3086.0 0.0 21.0 11.0 15.0 534.0 543.0
2928.0 2945.0 285.0 301.0 13.0 31.0 90.0 95.0
2520.0 2528.0 89.0 106.0 4.0 11.0 108.0 120.0
2561.0 2571.0 175.0 196.0 20.0 34.0 201.0 201.0
2601.0 2614.0 35.0 36.0 13.0 20.0 297.0 319.0
3091.0 3109.0 304.0 315.0 5.0 14.0 30.0 30.0
3056.0 3057.0 105.0 108.0 5.0 15.0 603.0 607.0
3014.0 3022.0 18.0 46.0 7.0 13.0 297.0 300.0
3077.0 3093.0 51.0 54.0 10.0 11.0 67.0 90.0
3135.0 3140.0 17.0 17.0 9.0 10.0 390.0 400.0
